$coord
         -2.408174786460          0.764810168525         -2.719618345845     c 
         -2.651076417002         -1.777478674726         -2.187740380983     c 
         -3.608104313855         -2.542433476828          0.115016514693     c 
         -4.322364857099         -0.765306210437          1.886177072121     c 
         -4.079127901679          1.777006350764          1.354324061658     c 
         -3.122552745180          2.541849932478         -0.948686158963     c 
         -1.644562357234          1.362475496207         -4.510803494844     h 
         -2.079868837523         -3.165531383567         -3.564723094110     h 
         -3.789128535493         -4.527754352672          0.533322671311     h 
         -5.064284268942         -1.362658822679          3.686649031744     h 
         -4.629532295473          3.164260816876          2.740747160791     h 
         -2.920694523041          4.526916993750         -1.359243129230     h 
          3.680144878108         -2.491912178161         -0.287055973267     c 
          2.705516154833         -1.912857037734          2.062279703213     c 
          2.391190503160          0.578915969292          2.766416416117     c 
          3.051436880527          2.492477806208          1.121085531907     c 
          4.024355242325          1.913537251393         -1.229063426875     c 
          4.338641574281         -0.578447995290         -1.933228465826     c 
          3.918829375246         -4.438015867878         -0.839383508090     h 
          2.176476884891         -3.407123055892          3.341530193115     h 
          1.614209149879          1.029683436133          4.594568835592     h 
          2.794846727730          4.438204851433          1.666164364659     h 
          4.532011308271          3.407661349431         -2.516989664106     h 
          5.093077204602         -1.030048862833         -3.770725710322     h 
$end
