   307
          7          1          7
          2          8          9
         16         10         25
          1         26         26
          3         27         29
         10         30         39
         46         40         85
         27         86        112
         43        113        155
         12        156        167
         11        168        178
          5        179        183
         21        184        204
          2        205        206
          1        207        207
          6        208        213
          3        214        216
          1        217        217
          1        218        218
          1        219        219
          2        220        221
          1        222        222
          1        223        223
          1        224        224
          1        225        225
          1        226        226
          1        227        227
          1        228        228
          1        229        229
          1        230        230
          1        231        231
          1        232        232
          1        233        233
          2        234        235
          1        236        236
          1        237        237
          1        238        238
          1        239        239
          1        240        240
          1        241        241
          1        242        242
          1        243        243
          1        244        244
          1        245        245
          1        246        246
          1        247        247
          2        248        249
          1        250        250
          1        251        251
          1        252        252
          1        253        253
          1        254        254
          3        255        257
          1        258        258
          1        259        259
          2        260        261
          1        262        262
          1        263        263
          1        264        264
          1        265        265
          1        266        266
          2        267        268
          1        269        269
          2        270        271
          1        272        272
          3        273        275
          1        276        276
          1        277        277
          2        278        279
          2        280        281
          1        282        282
          2        283        284
          1        285        285
          1        286        286
          2        287        288
          1        289        289
          2        290        291
          2        292        293
          1        294        294
          2        295        296
          1        297        297
          1        298        298
          2        299        300
          2        301        302
          2        303        304
          2        305        306
          1        307        307
          2        308        309
          2        310        311
          2        312        313
          1        314        314
          1        315        315
          2        316        317
          1        318        318
          2        319        320
          4        321        324
          2        325        326
          1        327        327
          1        328        328
          1        329        329
          2        330        331
          3        332        334
          1        335        335
          2        336        337
          2        338        339
          1        340        340
          1        341        341
          1        342        342
          2        343        344
          1        345        345
          1        346        346
          3        347        349
          2        350        351
          1        352        352
          3        353        355
          1        356        356
          1        357        357
          2        358        359
          1        360        360
          2        361        362
          2        363        364
          1        365        365
          3        366        368
          1        369        369
          2        370        371
          1        372        372
          2        373        374
          1        375        375
          3        376        378
          1        379        379
          1        380        380
          2        381        382
          1        383        383
          1        384        384
          2        385        386
          2        387        388
          2        389        390
          4        391        394
          1        395        395
          2        396        397
          2        398        399
          2        400        401
          2        402        403
          1        404        404
          1        405        405
          3        406        408
          1        409        409
          3        410        412
          4        413        416
          3        417        419
          3        420        422
          3        423        425
          3        426        428
          1        429        429
          2        430        431
          1        432        432
          2        433        434
          2        435        436
          1        437        437
          2        438        439
          2        440        441
          2        442        443
          1        444        444
          2        445        446
          1        447        447
          2        448        449
          1        450        450
          2        451        452
          2        453        454
          1        455        455
          2        456        457
          2        458        459
          1        460        460
          2        461        462
          1        463        463
          1        464        464
          2        465        466
          2        467        468
          1        469        469
          4        470        473
          3        474        476
          3        477        479
          1        480        480
          2        481        482
          1        483        483
          2        484        485
          1        486        486
          1        487        487
          3        488        490
          1        491        491
          1        492        492
          1        493        493
          2        494        495
          1        496        496
          1        497        497
          1        498        498
          1        499        499
          2        500        501
          1        502        502
          1        503        503
          3        504        506
          1        507        507
          1        508        508
          2        509        510
          2        511        512
          2        513        514
          1        515        515
          2        516        517
          1        518        518
          2        519        520
          1        521        521
          1        522        522
          1        523        523
          1        524        524
          1        525        525
          2        526        527
          4        528        531
          3        532        534
          1        535        535
          2        536        537
          1        538        538
          2        539        540
          1        541        541
          1        542        542
          1        543        543
          1        544        544
          2        545        546
          1        547        547
          3        548        550
          3        551        553
          1        554        554
          1        555        555
          1        556        556
          1        557        557
          1        558        558
          1        559        559
          1        560        560
          2        561        562
          1        563        563
          2        564        565
          1        566        566
          2        567        568
          1        569        569
          2        570        571
          1        572        572
          1        573        573
          1        574        574
          2        575        576
          1        577        577
          2        578        579
          1        580        580
          4        581        584
          1        585        585
          1        586        586
          1        587        587
          2        588        589
          1        590        590
          1        591        591
          3        592        594
          1        595        595
          2        596        597
          1        598        598
          1        599        599
          1        600        600
          1        601        601
          2        602        603
          1        604        604
          2        605        606
          1        607        607
          1        608        608
          1        609        609
          2        610        611
          1        612        612
          3        613        615
          1        616        616
          1        617        617
          1        618        618
          1        619        619
          1        620        620
          2        621        622
          1        623        623
          1        624        624
          1        625        625
          1        626        626
          1        627        627
          1        628        628
          1        629        629
          2        630        631
          3        632        634
          1        635        635
          1        636        636
          1        637        637
          1        638        638
          1        639        639
          1        640        640
          1        641        641
          1        642        642
          1        643        643
          1        644        644
          1        645        645
          1        646        646
          3        647        649
          1        650        650
          1        651        651
          1        652        652
          1        653        653
          1        654        654
