           1           2   1.4414584772124981     
           2           3   1.4404905301616966     
           1           4  0.11363748563929138     
           3           4   1.4417146747376648     
           2           5  0.11339242976211171     
           4           5   1.4400326918009099     
           1           6   1.4403228663859213     
           3           6  0.11335426068501776     
           5           6   1.4418429134881992     
           1           7  0.97153121966433331     
           2           8  0.97158894945904073     
           3           9  0.97159444493780156     
           4          10  0.97157170962414385     
           5          11  0.97149304071375031     
           6          12  0.97148324719331147     
          13          14   1.4417843786456150     
          14          15   1.4404357289810252     
          13          16  0.11339630537622442     
          15          16   1.4413270381572463     
          14          17  0.11334496134114649     
          16          17   1.4405895158845454     
          13          18   1.4400920079625776     
          15          18  0.11363822116348993     
          17          18   1.4416217267790283     
          13          19  0.97150369706321726     
          14          20  0.97149995688629098     
          15          21  0.97152741320463210     
          16          22  0.97158841674811391     
          17          23  0.97159234256712246     
          18          24  0.97157591719556435     
