$coord
          0.172756745846         -2.630486518561          0.000052006156     c 
          2.364557728161         -1.165228019129         -0.000528429830     c 
          2.191959369120          1.464737818699          0.000540216480     c 
         -0.173287493481          2.630603213966         -0.000075616038     c 
         -2.364480735862          1.165574345319         -0.000400585729     c 
         -2.191502521875         -1.465173165655          0.000412448914     c 
          0.250851738652         -3.823083734386         -1.630936791229     h 
          3.437277823679         -1.694217215871          1.629794651171     h 
          3.184703970528          2.128067076832          1.632399220640     h 
         -0.252075322982          3.823188304242          1.630888701884     h 
         -3.436956638381          1.694322949658          1.630161190287     h 
         -3.185500152218         -2.129834454939         -1.630141268129     h 
         -3.435847532779          1.693387714262         -1.631994186202     h 
         -0.251381077455          3.822873587050         -1.631303420005     h 
          3.186256945921          2.129494541157         -1.629791729655     h 
          3.435601355689         -1.693001717186         -1.632347002850     h 
          0.251504635695         -3.822768114653          1.631240125580     h 
         -3.184472592187         -2.128758730875          1.632030032382     h 
$end
