           1           2   1.0000700426876645     
           2           3   1.0000733904768206     
           3           4   1.0000697390062783     
           4           5   1.0000730603445134     
           1           6   1.0000728492763733     
           5           6   1.0000702583909560     
           1           7  0.98525061099674427     
           2           8  0.98524298793671083     
           3           9  0.98526227126928989     
           4          10  0.98525028390810909     
           5          11  0.98524745936379232     
           6          12  0.98524731648038499     
           5          13  0.98525763199724914     
           4          14  0.98525507822267089     
           3          15  0.98524288960761319     
           2          16  0.98526199937263359     
           1          17  0.98525466280266416     
           6          18  0.98525785847251268     
